21695058014
55289033005
00143147701
00143973805
00182108600
00247010010
00440216720
00591544310
00677042701
16590032620
21695030710
21695030715
21695030790
23629016710
35356067418
51138014714
51138014721
51655002053
52959012707
52959012712
52959012718
54569033202
54569304302
54868118301
54868118309
55045144404
55289035214
55289035230
57866432601
57866432602
58016021700
58016021710
58016021730
59746017510
63739020910
63874039202
66116046550
66336009410
68387024025
00247007200
00247007204
00247007245
00440216512
00440816530
00440816560
16590036548
23490615905
33358029212
49999000800
49999000821
49999000842
49999039021
51138014515
52959022000
52959022075
53489013801
54569033003
54868025802
54868025809
54868409600
54868521300
55045126009
55887077021
57866432404
58016021820
58016021824
58864036220
63629160501
63629160503
63629160507
66116062530
66267017320
17317066301
38779015403
38779015405
42254024021
57866432404
16590040448
45802030367
16590062421
63874077230
00054001925
16590036548
16590040448
16590062421
16590062448
35356067715
35356067720
49999002805
49999002815
49999002830
38779015403
00143147301
10768728301
10768728304
10768773302
00247007135
21695030636
23490615701
23490615708
42254024021
00603533828
00603533832
58864042320
66267017121
68115028930
54868409500
62991120603
62991120604
55045153307
55887064342
55887064390
63629157901
52959012620
52959012625
52959012650
58016021600
58016021628
63874032712
63874032742
53489013905
54868111903
63874039215
63874039230
66336009412
68115029030
00247007224
00247007248
00440816590
00603533732
00677011710
21695030521
23490615906
33358029221
45802073321
49999000830
51138015415
52959022020
52959022021
53489013810
54569033000
54569033001
54569033004
54868025803
55045148008
55289037301
55289037336
55289037355
55289037372
58016021840
58016021855
58016021890
58864036256
59746017206
63629160506
63874037302
63874037315
63874037333
63874037336
63874037350
63874037360
66267094821
66336051530
49452600001
00247141730
23490785400
16590062448
42254027621
45802030321
00054474225
00440816805
21695058005
54569033300
00054001825
00247010027
00247010042
00440816760
00591544305
16590032610
18837035330
21695030707
23490615803
23490615805
35356067415
43063009703
49999011010
49999011021
51079002219
51138015610
51138015630
51655002024
52959012715
52959012742
55045144408
58016021721
63629158705
51138014621
00143973910
18837026730
54868521300
00247007142
55045153303
55045153309
23490615702
23490615705
45802030321
45802073367
00440816620
52959012605
52959012615
52959012660
52959012670
00054001729
00603533715
00603533831
35356067560
49999002860
54868083602
59746017306
59746017309
68115028921
63629157905
63739020815
63874032724
63874032732
66267017120
49999043703
54868090800
55289033007
55289033010
00054372144
00247010015
00247010018
00440816721
00603533921
00603533928
16590032615
16590032630
21695030718
33358029415
35356067420
49999011012
51138014710
51138014715
51138015620
52959012710
52959012720
54569304301
54569304306
54868118300
54868118303
55289035209
55289035220
55289035221
57866432607
58016021715
58016021722
63739020915
63874039220
66116042015
66267017242
66336009420
00143974001
00247007250
00247007254
00247007260
00247007280
16590036521
21695030590
23490615902
23490615904
33358029278
51079003217
51079003219
55045148007
55887077048
59746017210
63874037301
63874037330
68115029130
68258301301
17317066300
17317066308
00054372250
16590036548
63629462401
51991045810
00440816803
00440816810
00603533731
00677069801
00247007140
54868523000
23490615703
23490615707
55289043815
55289043820
55289043860
63629157904
45802073321
52959012621
52959012644
57866432508
63739020810
58016021612
58016021615
58016021624
58016021630
63874032721
63874032725
63874032728
63874032730
33358029330
66267017115
16590040421
35356067648
35356067740
58864042315
49999002840
49999002848
59746017310
60904028620
68115028942
10768728302
10768728303
51138014636
00182020189
00247007203
00247007210
00247007227
00247007230
00440816506
00440816521
10768773304
35356067320
51655008624
52765125200
52959022010
52959022040
52959022060
54569033007
54868025805
54868025808
55289037342
58016021833
58016483201
63629160508
63739020710
63739020715
63739051810
66336051521
51552002802
51552002805
51552002806
00054872216
45802073367
16590036521
00603533815
00440816430
00603533532
63874077201
00054874025
00054001920
21695058007
52959095405
54868090802
57866432803
00054001820
00143147710
00247010000
00247010003
00247010009
00247010013
00247010030
00440216715
00440816703
00440816704
00440816706
00440816715
10768708501
16590032621
21695030706
23490615809
33358029460
51079002217
52959012721
52959012737
54569304305
54868118302
54868118304
54868118307
54868118308
58016021724
58016021760
58864042409
q60760000221
63629158703
63874039206
63874039214
63874039240
66267017210
68030432602
60429013110
60760063028
51138014650
51138015515
51138015536
51138015542
51138015550
68387024115
21695030628
21695030630
21695030650
55045296301
55289043821
55289043850
52959012630
55887064340
63629157900
63629157902
57866432507
58016021614
58016021620
63874032714
63874032790
00603533815
16590040430
16590040440
66116041030
49999002821
66336005840
54868083600
00054474125
00054474131
00603533621
35356058130
51138014430
00143973801
00182108689
00440816710
00591544301
00677042710
18837035310
21695030709
21695030712
21695030720
21695030721
49999011020
49999011030
51138014730
51138015612
51655002052
55289035212
55887079620
57866432604
57866432605
59746017509
63629158702
63629158706
63874039201
63874039224
66267017215
66267017220
66267017230
66267086004
66336009418
68030432608
00247007222
00591505210
00603533721
00677011701
10768773301
10768773302
16590037321
33358029215
35356067321
49999000855
51138014530
52959022030
55289037330
57866432401
58016021800
58016021836
58016021860
63629160505
63874037321
66267017340
66336051540
51552002804
54569341300
00603533831
21695030648
58016021632
58016021690
63874032760
54569033102
54569033108
54569330201
58864042330
66116041005
66267017130
66336005820
49999002812
49999002820
49999002850
54868083608
38779015404
38779015405
51079003317
51079003319
00143147310
51138014628
21695030620
21695030642
21695030690
23490615704
63629157903
63629157908
52959012600
52959012607
52959012612
52959012618
52959012640
55887064330
55887069621
57866432503
23490615903
45802073367
49999000840
51138014520
51138015430
52959022036
55045148009
55289037312
55289037321
58016021830
60760013830
63629160504
63874037310
66267017342
49452600002
51552002801
21695076548
35356067648
54868523000
00603533521
54868111905
59746017106
00143142501
54868090803
54868090805
00247010007
00247010008
00247010021
00440816730
16590032660
23490615802
23490615804
33358029430
33358029440
35356067430
42549064714
49999011007
49999011015
51991046201
51991046205
53489014005
53489014010
54569033203
54569304300
55045144402
55045144403
55289035210
55289035215
58016021716
58016021728
58864042420
59746017506
63629158701
63629158704
63629158707
63739052010
63874039221
68030978601
00247007242
00247007244
00247007261
00440816512
00440816520
00143973901
18837026748
21695030648
00440816604
00440816610
00440816612
00440816630
43063010910
00054001720
00677069805
35356067730
68258301301
51138014639
51138014642
51138015520
51138015521
62991120602
55045126009
55289043840
63629157907
55887064321
57866432501
58016021621
63874032702
63874032715
63874032718
63874032720
53489013901
54569033100
54569033101
54569033104
54569033105
54569033107
54569341300
66336005812
66336005821
66336005830
49999002814
00054873925
54868111904
58016067220
59746017110
63629160502
67544039960
68115029121
00143147705
00247010004
00440816718
21695030713
00054372263
33358029420
49999011000
49999011018
51138014720
51138015621
54569033201
54569033205
55045144407
00603533715
10768728301
55289035207
57866432606
57866432608
58016021720
58016021740
58864042430
63874039210
66116042005
66116046530
66267017212
66336009430
68115029020
00054472825
00054872425
00143147501
00143147510
00182020100
00247007215
00247007220
00247007221
00247007236
00247007240
00247007252
00591505201
43353065760
49999000820
55045148001
55289037360
57866432405
58016021821
58016021850
60429013001
42254027621
63629157906
52959012610
52959012642
63739051910
63874032701
63874032710
63874032719
57866432502
63874032740
63874032750
00591544205
00591544210
53489013910
58016021650
58016021660
54569330200
66267017142
16590036521
16590040445
58016483201
66336005810
49999002828
54868083603
54868083604
68115028910
51138014615
51138015528
00247007143
00247007150
10768773301
62991120601
21695030639
21695076421
23490615706
51927143500
55045153306
68387024010
00054472831
00143974010
00247007299
00440816510
10768773303
16590037328
16590037330
21695030530
23490615901
33358029230
35356067330
49999000805
51138015420
51655008627
54569341300
54569402604
54868025801
54868025804
54868025806
55289037346
57866432406
60429013010
63874037320
63874037340
66267017330
66267017360
66336051510
68115094721
38779015404
49452600003
00603533731
54868521300
21695076421
45802073321
10768728302
54868409500
21695076521
51991045801
54868111901
54868111902
54868090801
54868090804
57866432801
57866432802
00054001829
00143973810
00247010012
00247010014
00247010020
00440816720
00603533932
00677042705
16590032645
21695030714
21695030730
23490615800
23490615801
23490615807
23490615808
43063009706
49999011006
49999011014
51138014712
51138015614
51138015615
52959012700
52959012725
52959012730
53489014001
54569033209
55289035205
55887079630
58016021718
58864042414
60429013201
60429013210
63629158708
63874039228
66336009421
51138014620
51138015539
55045153308
00182133400
00182133489
18837026721
21695030621
21695030640
21695030645
55289043830
55289043836
55289043838
55289043842
63629157909
21695076521
21695076548
55887069648
63629462401
45802030367
58016021640
66267017140
66336005860
58864042340
00591544201
33358029320
33358029340
49999002890
54868083605
54868083607
00603533821
00677069810
60429013101
68030432501
00054001725
16590040420